Question 1 Results:
Initial Log_Likelihood:
┌──────────┐
│   Col. 1 │
├──────────┤
│ -6924.39 │
└──────────┘
Analytical Score:
┌──────────┐
│   Col. 1 │
├──────────┤
│ -2597.54 │
│ -554.361 │
│ -1153.02 │
│  -220.36 │
│ -929.123 │
│ -1210.18 │
│ -2102.73 │
│ -944.262 │
│ -5033.67 │
│ -4519.74 │
│ -19342.5 │
│ -19103.9 │
│ -913.056 │
│ -350.064 │
│ -464.386 │
│  -580.78 │
│  -544.26 │
└──────────┘
Analytical Hessian:
┌──────────┬──────────┬──────────┬──────────┬──────────┬──────────┬──────────┬──────────┬──────────┬──────────┬────────────┬────────────┬──────────┬──────────┬──────────┬──────────┬──────────┐
│   Col. 1 │   Col. 2 │   Col. 3 │   Col. 4 │   Col. 5 │   Col. 6 │   Col. 7 │   Col. 8 │   Col. 9 │  Col. 10 │    Col. 11 │    Col. 12 │  Col. 13 │  Col. 14 │  Col. 15 │  Col. 16 │  Col. 17 │
├──────────┼──────────┼──────────┼──────────┼──────────┼──────────┼──────────┼──────────┼──────────┼──────────┼────────────┼────────────┼──────────┼──────────┼──────────┼──────────┼──────────┤
│ -3215.59 │ -878.266 │ -1424.85 │ -385.794 │ -1301.37 │ -1541.07 │ -2611.88 │  -1206.8 │ -6286.86 │  -5745.2 │   -23719.5 │   -23534.5 │ -1399.29 │ -662.386 │ -678.704 │ -672.413 │ -581.381 │
│ -878.266 │ -878.266 │      0.0 │ -10.0174 │ -403.448 │ -419.963 │ -684.447 │ -331.045 │ -1716.42 │ -1650.95 │   -6592.62 │   -6547.23 │ -388.505 │ -163.385 │ -188.747 │ -211.358 │ -169.086 │
│ -1424.85 │      0.0 │ -1424.85 │ -164.509 │ -558.181 │ -673.964 │  -1189.2 │ -543.091 │ -2788.94 │ -2544.94 │   -10487.9 │   -10403.7 │ -584.921 │ -283.121 │ -307.108 │ -298.654 │ -266.409 │
│ -385.794 │ -10.0174 │ -164.509 │ -713.101 │ -184.862 │ -186.758 │ -323.438 │ -151.343 │ -780.469 │ -690.869 │   -2727.14 │   -2708.48 │  44.8924 │ -59.3611 │ -103.813 │ -91.8964 │ -77.2213 │
│ -1301.37 │ -403.448 │ -558.181 │ -184.862 │ -1301.37 │ -690.643 │ -969.747 │ -499.296 │  -2547.7 │ -2584.27 │   -9523.61 │   -9556.44 │ -499.591 │ -213.717 │ -289.413 │ -298.457 │  -192.09 │
│ -1541.07 │ -419.963 │ -673.964 │ -186.758 │ -690.643 │ -802.675 │ -1226.84 │ -582.802 │ -3013.59 │ -2830.97 │   -11394.8 │   -11318.6 │ -656.863 │ -310.944 │ -324.374 │ -324.268 │ -281.853 │
│ -2611.88 │ -684.447 │  -1189.2 │ -323.438 │ -969.747 │ -1226.84 │ -2218.04 │ -989.258 │ -5111.04 │ -4607.45 │   -19165.8 │   -18997.3 │ -1223.22 │ -543.585 │ -548.838 │ -538.418 │  -476.07 │
│  -1206.8 │ -331.045 │ -543.091 │ -151.343 │ -499.296 │ -582.802 │ -989.258 │ -526.699 │ -2362.19 │ -2162.14 │   -8842.72 │   -8771.03 │ -555.281 │ -247.338 │  -255.89 │ -252.597 │ -219.616 │
│ -6286.86 │ -1716.42 │ -2788.94 │ -780.469 │  -2547.7 │ -3013.59 │ -5111.04 │ -2362.19 │ -12429.4 │ -11233.2 │   -46358.1 │   -45992.1 │ -2707.54 │  -1293.9 │ -1326.93 │ -1315.33 │  -1131.5 │
│  -5745.2 │ -1650.95 │ -2544.94 │ -690.869 │ -2584.27 │ -2830.97 │ -4607.45 │ -2162.14 │ -11233.2 │ -10804.4 │   -42497.9 │   -42187.5 │ -2409.68 │ -1166.89 │ -1217.81 │ -1210.54 │ -1030.44 │
│ -23719.5 │ -6592.62 │ -10487.9 │ -2727.14 │ -9523.61 │ -11394.8 │ -19165.8 │ -8842.72 │ -46358.1 │ -42497.9 │ -1.76268e5 │ -1.74611e5 │ -10022.4 │  -4894.4 │ -4994.97 │ -4956.46 │ -4260.45 │
│ -23534.5 │ -6547.23 │ -10403.7 │ -2708.48 │ -9556.44 │ -11318.6 │ -18997.3 │ -8771.03 │ -45992.1 │ -42187.5 │ -1.74611e5 │ -1.73635e5 │ -9938.27 │ -4836.82 │ -4956.06 │ -4931.27 │ -4235.44 │
│ -1399.29 │ -388.505 │ -584.921 │  44.8924 │ -499.591 │ -656.863 │ -1223.22 │ -555.281 │ -2707.54 │ -2409.68 │   -10022.4 │   -9938.27 │ -1399.29 │ -291.969 │ -304.945 │ -304.355 │ -267.196 │
│ -662.386 │ -163.385 │ -283.121 │ -59.3611 │ -213.717 │ -310.944 │ -543.585 │ -247.338 │  -1293.9 │ -1166.89 │    -4894.4 │   -4836.82 │ -291.969 │ -662.386 │      0.0 │      0.0 │      0.0 │
│ -678.704 │ -188.747 │ -307.108 │ -103.813 │ -289.413 │ -324.374 │ -548.838 │  -255.89 │ -1326.93 │ -1217.81 │   -4994.97 │   -4956.06 │ -304.945 │      0.0 │ -678.704 │      0.0 │      0.0 │
│ -672.413 │ -211.358 │ -298.654 │ -91.8964 │ -298.457 │ -324.268 │ -538.418 │ -252.597 │ -1315.33 │ -1210.54 │   -4956.46 │   -4931.27 │ -304.355 │      0.0 │      0.0 │ -672.413 │      0.0 │
│ -581.381 │ -169.086 │ -266.409 │ -77.2213 │  -192.09 │ -281.853 │  -476.07 │ -219.616 │  -1131.5 │ -1030.44 │   -4260.45 │   -4235.44 │ -267.196 │      0.0 │      0.0 │      0.0 │ -581.381 │
└──────────┴──────────┴──────────┴──────────┴──────────┴──────────┴──────────┴──────────┴──────────┴──────────┴────────────┴────────────┴──────────┴──────────┴──────────┴──────────┴──────────┘
Question 2 Results:
Difference in Gradients:
┌──────────────┐
│       Col. 1 │
├──────────────┤
│ -0.000117972 │
│  -3.56163e-5 │
│   -5.2601e-5 │
│  -1.76196e-6 │
│  -4.41159e-5 │
│  -5.54482e-6 │
│  -1.33789e-5 │
│  -3.24291e-5 │
│   1.12744e-5 │
│  -1.25007e-5 │
│   1.35797e-5 │
│   1.27664e-5 │
│  -5.29717e-5 │
│  -7.67838e-6 │
│   -5.1903e-6 │
│  -5.31501e-5 │
│  -4.74115e-5 │
└──────────────┘
Difference in Hessian:
┌───────────┬───────────┬────────────┬────────────┬───────────┬────────────┬─────────────┬────────────┬───────────┬───────────┬────────────┬────────────┬───────────┬─────────────┬────────────┬────────────┬────────────┐
│    Col. 1 │    Col. 2 │     Col. 3 │     Col. 4 │    Col. 5 │     Col. 6 │      Col. 7 │     Col. 8 │    Col. 9 │   Col. 10 │    Col. 11 │    Col. 12 │   Col. 13 │     Col. 14 │    Col. 15 │    Col. 16 │    Col. 17 │
├───────────┼───────────┼────────────┼────────────┼───────────┼────────────┼─────────────┼────────────┼───────────┼───────────┼────────────┼────────────┼───────────┼─────────────┼────────────┼────────────┼────────────┤
│   7.47688 │    2.1913 │    3.34877 │  0.0251197 │   2.71596 │   0.274133 │   0.0643038 │  -0.968686 │   2.06531 │   3.12072 │   0.469534 │   0.339216 │   3.24692 │    0.222214 │   0.806383 │    3.31901 │    2.98705 │
│    2.1913 │   2.18903 │        0.0 │  0.0439071 │  0.911384 │  0.0415647 │   0.0473802 │  -0.366711 │  0.571943 │   0.71926 │    0.17886 │   0.113065 │  0.972284 │   0.0539551 │   0.215985 │    1.00691 │   0.873286 │
│   3.34877 │       0.0 │    3.34877 │ -0.0770422 │   1.15796 │   0.137477 │   0.0240294 │  -0.586818 │  0.905166 │   1.42202 │    0.19838 │   0.261868 │   1.35797 │   0.0954663 │   0.367308 │    1.45017 │    1.37108 │
│ 0.0251197 │ 0.0439071 │ -0.0770422 │    3.02105 │  0.115176 │  -0.215812 │   -0.017623 │    0.19748 │ -0.436086 │  -0.23033 │ 0.00121561 │   0.240957 │ -0.134406 │    0.138069 │ 0.00802707 │  0.0398543 │  -0.139353 │
│   2.71596 │  0.911384 │    1.15796 │   0.115176 │   2.71596 │  0.0639873 │    0.144898 │  -0.499551 │  0.818137 │  0.741792 │   0.151991 │  0.0850433 │   1.01315 │   0.0709269 │   0.288582 │    1.37166 │   0.914012 │
│  0.274133 │ 0.0415647 │   0.137477 │  -0.215812 │ 0.0639873 │    1.56188 │    0.190003 │  -0.403019 │  0.915516 │   0.87621 │  -0.175805 │  -0.157196 │ 0.0470601 │    0.228505 │   0.288024 │ -0.0969324 │  -0.130231 │
│ 0.0643038 │ 0.0473802 │  0.0240294 │  -0.017623 │  0.144898 │   0.190003 │     1.98728 │   0.988116 │  0.805884 │  0.730751 │  0.0966901 │   0.199876 │  0.217187 │ -0.00483491 │ -0.0173428 │  0.0916935 │  0.0229559 │
│ -0.968686 │ -0.366711 │  -0.586818 │    0.19748 │ -0.499551 │  -0.403019 │    0.988116 │    7.78396 │   1.76001 │   1.36002 │   0.408397 │    0.34184 │ -0.794165 │   -0.016644 │  -0.836284 │  0.0036035 │ -0.0589609 │
│   2.06531 │  0.571943 │   0.905166 │  -0.436086 │  0.818137 │   0.915516 │    0.805884 │    1.76001 │   3.85686 │   3.23296 │  -0.367851 │  -0.269624 │  0.955027 │    0.250985 │   0.457664 │   0.602682 │   0.548653 │
│   3.12072 │   0.71926 │    1.42202 │   -0.23033 │  0.741792 │    0.87621 │    0.730751 │    1.36002 │   3.23296 │   4.58108 │  -0.200045 │  -0.260073 │   1.53102 │    0.244537 │   0.560704 │    1.08689 │    1.03526 │
│  0.469534 │   0.17886 │    0.19838 │ 0.00121561 │  0.151991 │  -0.175805 │   0.0966901 │   0.408397 │ -0.367851 │ -0.200045 │     1.0179 │   0.278728 │  0.213218 │   -0.106748 │ -0.0160337 │   0.314372 │   0.290835 │
│  0.339216 │  0.113065 │   0.261868 │   0.240957 │ 0.0850433 │  -0.157196 │    0.199876 │    0.34184 │ -0.269624 │ -0.260073 │   0.278728 │    1.18802 │ 0.0866479 │  -0.0456886 │ -0.0547228 │   0.208969 │   0.250421 │
│   3.24692 │  0.972284 │    1.35797 │  -0.134406 │   1.01315 │  0.0470601 │    0.217187 │  -0.794165 │  0.955027 │   1.53102 │   0.213218 │  0.0866479 │   3.24465 │   0.0995865 │   0.342704 │    1.41685 │    1.33497 │
│  0.222214 │ 0.0539551 │  0.0954663 │   0.138069 │ 0.0709269 │   0.228505 │ -0.00483491 │  -0.016644 │  0.250985 │  0.244537 │  -0.106748 │ -0.0456886 │ 0.0995865 │    0.222214 │        0.0 │ 0.00227374 │        0.0 │
│  0.806383 │  0.215985 │   0.367308 │ 0.00802707 │  0.288582 │   0.288024 │  -0.0173428 │  -0.836284 │  0.457664 │  0.560704 │ -0.0160337 │ -0.0547228 │  0.342704 │         0.0 │   0.806383 │        0.0 │        0.0 │
│   3.31901 │   1.00691 │    1.45017 │  0.0398543 │   1.37166 │ -0.0969324 │   0.0916935 │  0.0036035 │  0.602682 │   1.08689 │   0.314372 │   0.208969 │   1.41685 │  0.00227374 │        0.0 │    3.31901 │        0.0 │
│   2.98705 │  0.873286 │    1.37108 │  -0.139353 │  0.914012 │  -0.130231 │   0.0229559 │ -0.0589609 │  0.548653 │   1.03526 │   0.290835 │   0.250421 │   1.33497 │         0.0 │        0.0 │        0.0 │    2.98705 │
└───────────┴───────────┴────────────┴────────────┴───────────┴────────────┴─────────────┴────────────┴───────────┴───────────┴────────────┴────────────┴───────────┴─────────────┴────────────┴────────────┴────────────┘
Newton Iteration: 1
Newton Iteration: 2
Newton Iteration: 3
Newton Iteration: 4
Newton Iteration: 5
Newton Iteration: 6
Newton Algorithm Converged in 6 iterations
Estimates using Newton (Analytical):
┌────────────┐
│     Col. 1 │
├────────────┤
│   -6.08329 │
│   0.871769 │
│   0.531595 │
│   0.603691 │
│   0.163297 │
│   0.877039 │
│ -0.0614484 │
│   0.226964 │
│    1.01071 │
│   0.334717 │
│  -0.287022 │
│   0.193973 │
│    0.76545 │
│    1.15417 │
│   0.771241 │
│   0.377854 │
│   0.244374 │
└────────────┘
Newton Iteration: 1
Newton Iteration: 2
Newton Iteration: 3
Newton Iteration: 4
Newton Iteration: 5
Newton Iteration: 6
Newton Iteration: 7
Newton Algorithm Converged in 7 iterations
Estimates using Newton (Numerical):
┌────────────┐
│     Col. 1 │
├────────────┤
│   -6.08329 │
│   0.871769 │
│   0.531595 │
│   0.603691 │
│   0.163297 │
│   0.877039 │
│ -0.0614484 │
│   0.226964 │
│    1.01071 │
│   0.334717 │
│  -0.287022 │
│   0.193973 │
│    0.76545 │
│    1.15417 │
│   0.771241 │
│   0.377854 │
│   0.244374 │
└────────────┘
Iter     Function value   Gradient norm 
     0     6.924395e+03     1.934249e+04
 * time: 0.0
     1     6.021522e+03     6.454353e+03
 * time: 5.624000072479248
     2     5.643313e+03     5.228481e+03
 * time: 7.312000036239624
     3     5.575235e+03     4.650746e+03
 * time: 8.461999893188477
     4     5.541980e+03     4.535472e+03
 * time: 9.601999998092651
     5     5.527127e+03     4.474523e+03
 * time: 10.7739999294281
     6     5.510533e+03     4.363527e+03
 * time: 12.127000093460083
     7     5.499978e+03     4.280112e+03
 * time: 13.595999956130981
     8     5.489456e+03     4.183833e+03
 * time: 14.986000061035156
     9     5.479671e+03     4.059352e+03
 * time: 16.924000024795532
    10     5.446870e+03     3.650012e+03
 * time: 18.426000118255615
    11     5.399035e+03     3.101503e+03
 * time: 19.592000007629395
    12     5.387297e+03     2.920578e+03
 * time: 20.82800006866455
    13     5.380318e+03     2.781409e+03
 * time: 21.64300012588501
    14     5.375993e+03     2.673196e+03
 * time: 22.41700005531311
    15     5.367148e+03     2.460284e+03
 * time: 23.193000078201294
    16     5.337321e+03     1.623164e+03
 * time: 23.943000078201294
    17     5.317690e+03     1.085237e+03
 * time: 24.72499990463257
    18     5.297314e+03     7.351570e+01
 * time: 25.47499990463257
    19     5.296430e+03     4.081468e+01
 * time: 26.256999969482422
    20     5.295675e+03     2.287548e+01
 * time: 27.038000106811523
    21     5.295631e+03     4.114774e+00
 * time: 27.931999921798706
    22     5.295630e+03     5.310810e-01
 * time: 28.831000089645386
    23     5.295630e+03     2.716489e-02
 * time: 29.64400005340576
Estimates using BFGS:
┌────────────┐
│     Col. 1 │
├────────────┤
│   -6.08331 │
│   0.871761 │
│   0.531589 │
│   0.603686 │
│   0.163296 │
│   0.877076 │
│ -0.0614467 │
│    0.22697 │
│     1.0107 │
│   0.334708 │
│  -0.287012 │
│    0.19397 │
│   0.765449 │
│    1.15417 │
│   0.771242 │
│   0.377866 │
│   0.244382 │
└────────────┘
Iter     Function value    √(Σ(yᵢ-ȳ)²)/n 
------   --------------    --------------
     0     6.025945e+03     2.784688e+02
 * time: 0.0
     1     6.025945e+03     2.718948e+02
 * time: 0.014999866485595703
     2     6.025945e+03     2.617242e+02
 * time: 0.03099989891052246
     3     6.025945e+03     2.628175e+02
 * time: 0.03099989891052246
     4     6.025945e+03     2.637480e+02
 * time: 0.04699993133544922
     5     6.025945e+03     2.649160e+02
 * time: 0.06200003623962402
     6     6.025945e+03     2.660509e+02
 * time: 0.06200003623962402
     7     6.025945e+03     2.670211e+02
 * time: 0.07800006866455078
     8     6.025945e+03     2.677876e+02
 * time: 0.09399986267089844
     9     6.025945e+03     2.680998e+02
 * time: 0.09399986267089844
    10     6.025945e+03     2.677566e+02
 * time: 0.10899996757507324
    11     6.025945e+03     2.668624e+02
 * time: 0.125
    12     6.025945e+03     2.646741e+02
 * time: 0.125
    13     6.025945e+03     2.609583e+02
 * time: 0.1399998664855957
    14     6.025945e+03     2.547947e+02
 * time: 0.15599989891052246
    15     6.025945e+03     2.452512e+02
 * time: 0.15599989891052246
    16     6.025945e+03     2.343035e+02
 * time: 0.18700003623962402
    17     5.960413e+03     2.171925e+02
 * time: 0.20300006866455078
    18     5.892197e+03     2.153427e+02
 * time: 0.20300006866455078
    19     5.892197e+03     2.131872e+02
 * time: 0.21899986267089844
    20     5.892197e+03     2.096532e+02
 * time: 0.23399996757507324
    21     5.892197e+03     2.047941e+02
 * time: 0.23399996757507324
    22     5.892197e+03     1.997488e+02
 * time: 0.25
    23     5.892197e+03     1.953053e+02
 * time: 0.28099989891052246
    24     5.842247e+03     1.887958e+02
 * time: 0.312000036239624
    25     5.803861e+03     1.823022e+02
 * time: 0.3280000686645508
    26     5.780897e+03     1.733171e+02
 * time: 0.34399986267089844
    27     5.752567e+03     1.627177e+02
 * time: 0.375
    28     5.724055e+03     1.503991e+02
 * time: 0.375
    29     5.724055e+03     1.400418e+02
 * time: 0.40599989891052246
    30     5.699476e+03     1.301858e+02
 * time: 0.40599989891052246
    31     5.699476e+03     1.225950e+02
 * time: 0.4219999313354492
    32     5.699476e+03     1.182801e+02
 * time: 0.437000036239624
    33     5.687419e+03     1.136154e+02
 * time: 0.4530000686645508
    34     5.687419e+03     1.070441e+02
 * time: 0.46899986267089844
    35     5.666227e+03     9.944174e+01
 * time: 0.48399996757507324
    36     5.666227e+03     9.263180e+01
 * time: 0.48399996757507324
    37     5.666227e+03     8.307097e+01
 * time: 0.5
    38     5.666227e+03     7.437637e+01
 * time: 0.5149998664855957
    39     5.664919e+03     6.521102e+01
 * time: 0.5309998989105225
    40     5.664919e+03     5.114829e+01
 * time: 0.5469999313354492
    41     5.664919e+03     4.050787e+01
 * time: 0.5469999313354492
    42     5.664919e+03     3.221970e+01
 * time: 0.562000036239624
    43     5.664919e+03     2.448696e+01
 * time: 0.562000036239624
    44     5.664919e+03     1.912587e+01
 * time: 0.5780000686645508
    45     5.664919e+03     1.630775e+01
 * time: 0.5939998626708984
    46     5.664919e+03     1.323025e+01
 * time: 0.6089999675750732
    47     5.664919e+03     1.166590e+01
 * time: 0.625
    48     5.664919e+03     1.063328e+01
 * time: 0.6570000648498535
    49     5.664919e+03     9.463706e+00
 * time: 0.7149999141693115
    50     5.664919e+03     8.983247e+00
 * time: 0.7289998531341553
    51     5.664919e+03     8.503771e+00
 * time: 0.7519998550415039
    52     5.664919e+03     8.151482e+00
 * time: 0.7679998874664307
    53     5.664919e+03     7.588100e+00
 * time: 0.7999999523162842
    54     5.664919e+03     6.928120e+00
 * time: 0.8309998512268066
    55     5.664919e+03     6.229709e+00
 * time: 0.8469998836517334
    56     5.664919e+03     5.691071e+00
 * time: 0.878000020980835
    57     5.664919e+03     5.078555e+00
 * time: 0.8940000534057617
    58     5.664919e+03     4.779024e+00
 * time: 0.9249999523162842
    59     5.664919e+03     4.446105e+00
 * time: 0.9249999523162842
    60     5.664919e+03     4.081803e+00
 * time: 0.9559998512268066
    61     5.664919e+03     3.703871e+00
 * time: 0.9719998836517334
    62     5.664919e+03     3.560245e+00
 * time: 1.0179998874664307
    63     5.664919e+03     3.418699e+00
 * time: 1.0339999198913574
    64     5.664919e+03     3.217887e+00
 * time: 1.0809998512268066
    65     5.664919e+03     3.102568e+00
 * time: 1.0809998512268066
    66     5.664919e+03     2.852146e+00
 * time: 1.1119999885559082
    67     5.664919e+03     2.527406e+00
 * time: 1.128000020980835
    68     5.664919e+03     2.307170e+00
 * time: 1.1589999198913574
    69     5.664919e+03     2.198347e+00
 * time: 1.1749999523162842
    70     5.664919e+03     2.005262e+00
 * time: 1.190000057220459
    71     5.664919e+03     1.735257e+00
 * time: 1.2059998512268066
    72     5.664919e+03     1.578400e+00
 * time: 1.2219998836517334
    73     5.664919e+03     1.449111e+00
 * time: 1.2369999885559082
    74     5.664919e+03     1.325773e+00
 * time: 1.253000020980835
    75     5.664919e+03     1.272787e+00
 * time: 1.2839999198913574
    76     5.664919e+03     1.243836e+00
 * time: 1.315000057220459
    77     5.664919e+03     1.159347e+00
 * time: 1.315000057220459
    78     5.664919e+03     1.106445e+00
 * time: 1.3469998836517334
    79     5.664919e+03     1.053392e+00
 * time: 1.3469998836517334
    80     5.664919e+03     9.849345e-01
 * time: 1.3619999885559082
    81     5.664919e+03     9.958907e-01
 * time: 1.378000020980835
    82     5.664791e+03     9.732108e-01
 * time: 1.4089999198913574
    83     5.664791e+03     9.552670e-01
 * time: 1.4249999523162842
    84     5.664640e+03     9.309994e-01
 * time: 1.4559998512268066
    85     5.664435e+03     8.577420e-01
 * time: 1.4719998836517334
    86     5.664435e+03     8.858645e-01
 * time: 1.4869999885559082
    87     5.664058e+03     8.287320e-01
 * time: 1.503000020980835
    88     5.664058e+03     8.460342e-01
 * time: 1.5179998874664307
    89     5.664058e+03     8.641663e-01
 * time: 1.5339999198913574
    90     5.663915e+03     8.574365e-01
 * time: 1.565000057220459
    91     5.663915e+03     2.212137e+00
 * time: 1.5809998512268066
    92     5.656055e+03     2.181562e+00
 * time: 1.5969998836517334
    93     5.656055e+03     2.315867e+00
 * time: 1.6119999885559082
    94     5.656055e+03     2.274858e+00
 * time: 1.628000020980835
    95     5.656055e+03     2.234822e+00
 * time: 1.6429998874664307
    96     5.656055e+03     2.184991e+00
 * time: 1.6589999198913574
    97     5.656055e+03     2.368694e+00
 * time: 1.6589999198913574
    98     5.656055e+03     2.327721e+00
 * time: 1.6749999523162842
    99     5.656055e+03     2.284652e+00
 * time: 1.7059998512268066
   100     5.656055e+03     2.251322e+00
 * time: 1.746999979019165
   101     5.656055e+03     2.212643e+00
 * time: 1.7860000133514404
   102     5.656055e+03     2.643039e+00
 * time: 1.8020000457763672
   103     5.656055e+03     2.588018e+00
 * time: 1.816999912261963
   104     5.656055e+03     2.654705e+00
 * time: 1.8329999446868896
   105     5.656055e+03     2.616121e+00
 * time: 1.8329999446868896
   106     5.656055e+03     2.667620e+00
 * time: 1.8489999771118164
   107     5.656055e+03     2.785442e+00
 * time: 1.863999843597412
   108     5.656055e+03     2.716725e+00
 * time: 1.8799998760223389
   109     5.656055e+03     2.674712e+00
 * time: 1.8799998760223389
   110     5.656055e+03     2.928216e+00
 * time: 1.9110000133514404
   111     5.654894e+03     2.819856e+00
 * time: 1.9110000133514404
   112     5.654894e+03     2.789179e+00
 * time: 1.9270000457763672
   113     5.654894e+03     2.693257e+00
 * time: 1.941999912261963
   114     5.654894e+03     2.576174e+00
 * time: 1.9579999446868896
   115     5.654894e+03     2.470387e+00
 * time: 1.9739999771118164
   116     5.654894e+03     2.335709e+00
 * time: 1.9739999771118164
   117     5.654894e+03     2.176575e+00
 * time: 2.004999876022339
   118     5.654894e+03     2.367473e+00
 * time: 2.0209999084472656
   119     5.653705e+03     2.207998e+00
 * time: 2.0360000133514404
   120     5.653705e+03     2.065636e+00
 * time: 2.0360000133514404
   121     5.653705e+03     2.032036e+00
 * time: 2.056999921798706
   122     5.653705e+03     1.948016e+00
 * time: 2.0759999752044678
   123     5.653705e+03     2.201516e+00
 * time: 2.1069998741149902
   124     5.652685e+03     2.253844e+00
 * time: 2.122999906539917
   125     5.652685e+03     2.145186e+00
 * time: 2.138000011444092
   126     5.652685e+03     2.072962e+00
 * time: 2.1540000438690186
   127     5.652685e+03     1.957661e+00
 * time: 2.169999837875366
   128     5.652685e+03     2.124049e+00
 * time: 2.184999942779541
   129     5.651903e+03     1.994631e+00
 * time: 2.2009999752044678
   130     5.651903e+03     2.074045e+00
 * time: 2.2170000076293945
   131     5.651903e+03     2.106879e+00
 * time: 2.2170000076293945
   132     5.651903e+03     1.970004e+00
 * time: 2.2319998741149902
   133     5.651903e+03     1.848622e+00
 * time: 2.247999906539917
   134     5.651903e+03     1.735769e+00
 * time: 2.2829999923706055
   135     5.651903e+03     1.669616e+00
 * time: 2.2929999828338623
   136     5.651903e+03     1.559130e+00
 * time: 2.307999849319458
   137     5.651903e+03     1.522200e+00
 * time: 2.328000068664551
   138     5.651760e+03     1.868960e+00
 * time: 2.3489999771118164
   139     5.648795e+03     2.249813e+00
 * time: 2.369999885559082
   140     5.647612e+03     2.389476e+00
 * time: 2.379999876022339
   141     5.647612e+03     2.290277e+00
 * time: 2.3899998664855957
   142     5.647612e+03     2.184557e+00
 * time: 2.4140000343322754
   143     5.647612e+03     2.146367e+00
 * time: 2.4240000247955322
   144     5.647612e+03     2.054299e+00
 * time: 2.442999839782715
   145     5.647612e+03     2.129858e+00
 * time: 2.453000068664551
   146     5.647612e+03     2.063175e+00
 * time: 2.4649999141693115
   147     5.647612e+03     1.972527e+00
 * time: 2.4749999046325684
   148     5.647612e+03     2.142342e+00
 * time: 2.49399995803833
   149     5.647204e+03     2.283507e+00
 * time: 2.5160000324249268
   150     5.646914e+03     2.214287e+00
 * time: 2.5290000438690186
   151     5.646914e+03     2.170991e+00
 * time: 2.5399999618530273
   152     5.646914e+03     2.055760e+00
 * time: 2.550999879837036
   153     5.646914e+03     2.039932e+00
 * time: 2.559999942779541
   154     5.646914e+03     1.970805e+00
 * time: 2.572000026702881
   155     5.646914e+03     1.886592e+00
 * time: 2.5829999446868896
   156     5.646914e+03     2.252524e+00
 * time: 2.6029999256134033
   157     5.643902e+03     2.198315e+00
 * time: 2.611999988555908
   158     5.643902e+03     2.354211e+00
 * time: 2.624000072479248
   159     5.643902e+03     2.386453e+00
 * time: 2.6369998455047607
   160     5.643902e+03     2.471974e+00
 * time: 2.6559998989105225
   161     5.643691e+03     2.376347e+00
 * time: 2.6679999828338623
   162     5.643691e+03     2.196706e+00
 * time: 2.690000057220459
   163     5.643691e+03     2.232781e+00
 * time: 2.7109999656677246
   164     5.643079e+03     2.171220e+00
 * time: 2.7230000495910645
   165     5.643079e+03     2.060678e+00
 * time: 2.7820000648498535
   166     5.643079e+03     1.965294e+00
 * time: 2.810999870300293
   167     5.643079e+03     1.917368e+00
 * time: 2.8309998512268066
   168     5.643079e+03     2.080900e+00
 * time: 2.8550000190734863
   169     5.642131e+03     2.135749e+00
 * time: 2.865999937057495
   170     5.642131e+03     2.291341e+00
 * time: 2.8910000324249268
   171     5.640990e+03     2.165373e+00
 * time: 2.9019999504089355
   172     5.640990e+03     2.027369e+00
 * time: 2.9129998683929443
   173     5.640990e+03     1.915343e+00
 * time: 2.9240000247955322
   174     5.640990e+03     1.838524e+00
 * time: 2.934999942779541
   175     5.640990e+03     1.929059e+00
 * time: 2.9709999561309814
   176     5.640374e+03     2.142225e+00
 * time: 2.996000051498413
   177     5.638781e+03     2.433106e+00
 * time: 3.0199999809265137
   178     5.637306e+03     2.591719e+00
 * time: 3.0309998989105225
   179     5.637306e+03     2.480164e+00
 * time: 3.0420000553131104
   180     5.637306e+03     2.395118e+00
 * time: 3.052999973297119
   181     5.637306e+03     2.309120e+00
 * time: 3.0769999027252197
   182     5.637306e+03     2.292643e+00
 * time: 3.0969998836517334
   183     5.637306e+03     2.330707e+00
 * time: 3.121000051498413
   184     5.637306e+03     2.283892e+00
 * time: 3.1369998455047607
   185     5.637306e+03     2.326510e+00
 * time: 3.1489999294281006
   186     5.637306e+03     2.269782e+00
 * time: 3.1619999408721924
   187     5.637306e+03     2.466628e+00
 * time: 3.184999942779541
   188     5.635572e+03     2.376226e+00
 * time: 3.194999933242798
   189     5.635572e+03     2.284838e+00
 * time: 3.2200000286102295
   190     5.635572e+03     2.217755e+00
 * time: 3.2319998741149902
   191     5.635572e+03     2.310257e+00
 * time: 3.243000030517578
   192     5.635572e+03     2.478099e+00
 * time: 3.2649998664855957
   193     5.634282e+03     2.641515e+00
 * time: 3.2890000343322754
   194     5.633587e+03     2.842140e+00
 * time: 3.3299999237060547
   195     5.632606e+03     2.741516e+00
 * time: 3.3459999561309814
   196     5.632606e+03     2.649382e+00
 * time: 3.3539998531341553
   197     5.632606e+03     2.501401e+00
 * time: 3.361999988555908
   198     5.632606e+03     2.488559e+00
 * time: 3.369999885559082
   199     5.632606e+03     2.567938e+00
 * time: 3.3940000534057617
   200     5.631594e+03     2.460595e+00
 * time: 3.4099998474121094
   201     5.631594e+03     2.238541e+00
 * time: 3.4179999828338623
   202     5.631594e+03     2.215671e+00
 * time: 3.425999879837036
   203     5.631594e+03     2.440293e+00
 * time: 3.450000047683716
   204     5.629507e+03     2.280589e+00
 * time: 3.4579999446868896
   205     5.629507e+03     2.345207e+00
 * time: 3.4659998416900635
   206     5.629507e+03     2.258547e+00
 * time: 3.4819998741149902
   207     5.629507e+03     2.473773e+00
 * time: 3.497999906539917
   208     5.627877e+03     2.697957e+00
 * time: 3.5220000743865967
   209     5.626815e+03     2.572535e+00
 * time: 3.5379998683929443
   210     5.626815e+03     2.444844e+00
 * time: 3.553999900817871
   211     5.626815e+03     2.569385e+00
 * time: 3.562000036239624
   212     5.626815e+03     2.745250e+00
 * time: 3.5859999656677246
   213     5.625957e+03     2.651566e+00
 * time: 3.5939998626708984
   214     5.625957e+03     2.807997e+00
 * time: 3.618000030517578
   215     5.625468e+03     2.701125e+00
 * time: 3.625999927520752
   216     5.625468e+03     2.562698e+00
 * time: 3.6419999599456787
   217     5.625468e+03     2.744903e+00
 * time: 3.6610000133514404
   218     5.623987e+03     2.666508e+00
 * time: 3.674999952316284
   219     5.623987e+03     2.650933e+00
 * time: 3.682999849319458
   220     5.623987e+03     2.785178e+00
 * time: 3.6989998817443848
   221     5.622582e+03     2.806782e+00
 * time: 3.7149999141693115
   222     5.622582e+03     2.661221e+00
 * time: 3.7230000495910645
   223     5.622582e+03     2.576928e+00
 * time: 3.738999843597412
   224     5.622582e+03     2.488877e+00
 * time: 3.7790000438690186
   225     5.622320e+03     2.615627e+00
 * time: 3.794999837875366
   226     5.620318e+03     2.410920e+00
 * time: 3.810999870300293
   227     5.620318e+03     2.623114e+00
 * time: 3.8420000076293945
   228     5.618695e+03     2.475211e+00
 * time: 3.8420000076293945
   229     5.618695e+03     2.440573e+00
 * time: 3.8569998741149902
   230     5.618695e+03     2.616831e+00
 * time: 3.872999906539917
   231     5.617893e+03     2.801366e+00
 * time: 3.9040000438690186
   232     5.617180e+03     2.994116e+00
 * time: 3.919999837875366
   233     5.616376e+03     2.996484e+00
 * time: 3.919999837875366
   234     5.616376e+03     3.159258e+00
 * time: 3.9509999752044678
   235     5.615411e+03     3.243725e+00
 * time: 3.9670000076293945
   236     5.615411e+03     3.078428e+00
 * time: 3.9670000076293945
   237     5.615411e+03     2.918988e+00
 * time: 3.9819998741149902
   238     5.615411e+03     2.979871e+00
 * time: 3.997999906539917
   239     5.614377e+03     3.115708e+00
 * time: 4.0290000438690186
   240     5.613013e+03     2.923753e+00
 * time: 4.0290000438690186
   241     5.613013e+03     3.021969e+00
 * time: 4.060999870300293
   242     5.612502e+03     2.852696e+00
 * time: 4.060999870300293
   243     5.612502e+03     3.034492e+00
 * time: 4.0920000076293945
   244     5.610229e+03     2.973660e+00
 * time: 4.0920000076293945
   245     5.610229e+03     2.996752e+00
 * time: 4.10699987411499
   246     5.610229e+03     3.123450e+00
 * time: 4.122999906539917
   247     5.609258e+03     2.918808e+00
 * time: 4.138999938964844
   248     5.609258e+03     3.082162e+00
 * time: 4.1540000438690186
   249     5.608547e+03     2.942740e+00
 * time: 4.169999837875366
   250     5.608547e+03     2.966544e+00
 * time: 4.185999870300293
   251     5.608547e+03     2.740612e+00
 * time: 4.200999975204468
   252     5.608547e+03     2.930438e+00
 * time: 4.2170000076293945
   253     5.606025e+03     3.138216e+00
 * time: 4.233000040054321
   254     5.605156e+03     3.243617e+00
 * time: 4.247999906539917
   255     5.605156e+03     3.403352e+00
 * time: 4.2790000438690186
   256     5.604500e+03     3.573288e+00
 * time: 4.294999837875366
   257     5.603278e+03     3.501831e+00
 * time: 4.310999870300293
   258     5.603278e+03     3.446870e+00
 * time: 4.325999975204468
   259     5.603278e+03     3.272962e+00
 * time: 4.325999975204468
   260     5.603278e+03     3.045191e+00
 * time: 4.3420000076293945
   261     5.603278e+03     3.154345e+00
 * time: 4.372999906539917
   262     5.601699e+03     3.135252e+00
 * time: 4.372999906539917
   263     5.601699e+03     3.028011e+00
 * time: 4.388999938964844
   264     5.601699e+03     3.029323e+00
 * time: 4.4040000438690186
   265     5.600996e+03     3.080581e+00
 * time: 4.440999984741211
   266     5.599369e+03     3.247281e+00
 * time: 4.45199990272522
   267     5.598004e+03     3.044958e+00
 * time: 4.4679999351501465
   268     5.598004e+03     3.079531e+00
 * time: 4.483000040054321
   269     5.598004e+03     3.200178e+00
 * time: 4.499000072479248
   270     5.596837e+03     3.393415e+00
 * time: 4.5299999713897705
   271     5.595154e+03     3.256104e+00
 * time: 4.546000003814697
   272     5.595154e+03     3.331394e+00
 * time: 4.546000003814697
   273     5.595154e+03     3.180157e+00
 * time: 4.560999870300293
   274     5.595154e+03     3.129758e+00
 * time: 4.57699990272522
   275     5.595154e+03     3.317500e+00
 * time: 4.5929999351501465
   276     5.593659e+03     3.502530e+00
 * time: 4.624000072479248
   277     5.592646e+03     3.413301e+00
 * time: 4.624000072479248
   278     5.592646e+03     3.607604e+00
 * time: 4.671000003814697
   279     5.590808e+03     3.689002e+00
 * time: 4.685999870300293
   280     5.590808e+03     3.628699e+00
 * time: 4.685999870300293
   281     5.590808e+03     3.585027e+00
 * time: 4.7179999351501465
   282     5.590808e+03     3.337273e+00
 * time: 4.733000040054321
   283     5.590808e+03     3.255949e+00
 * time: 4.787999868392944
   284     5.590486e+03     3.363843e+00
 * time: 4.819999933242798
   285     5.587995e+03     3.059709e+00
 * time: 4.835999965667725
   286     5.587995e+03     2.976603e+00
 * time: 4.851000070571899
   287     5.587995e+03     2.971200e+00
 * time: 4.866999864578247
   288     5.587995e+03     3.180376e+00
 * time: 4.882999897003174
   289     5.585494e+03     3.078875e+00
 * time: 4.898000001907349
   290     5.585494e+03     3.232418e+00
 * time: 4.930000066757202
   291     5.584726e+03     3.454629e+00
 * time: 4.960999965667725
   292     5.583061e+03     3.521310e+00
 * time: 4.976000070571899
   293     5.583061e+03     3.466683e+00
 * time: 4.976000070571899
   294     5.583061e+03     3.223310e+00
 * time: 4.991999864578247
   295     5.583061e+03     3.365922e+00
 * time: 5.007999897003174
   296     5.582108e+03     3.336037e+00
 * time: 5.023000001907349
   297     5.582108e+03     3.506465e+00
 * time: 5.055000066757202
   298     5.580508e+03     3.331214e+00
 * time: 5.055000066757202
   299     5.580508e+03     3.297371e+00
 * time: 5.069999933242798
   300     5.580508e+03     3.435963e+00
 * time: 5.116999864578247
   301     5.578698e+03     3.585900e+00
 * time: 5.148000001907349
   302     5.577811e+03     3.379380e+00
 * time: 5.164000034332275
   303     5.577811e+03     3.217019e+00
 * time: 5.180000066757202
   304     5.577811e+03     2.962275e+00
 * time: 5.210999965667725
   305     5.577811e+03     2.845898e+00
 * time: 5.226000070571899
   306     5.577811e+03     2.926480e+00
 * time: 5.273000001907349
   307     5.576029e+03     2.970208e+00
 * time: 5.305000066757202
   308     5.575165e+03     3.046418e+00
 * time: 5.335999965667725
   309     5.575165e+03     3.207313e+00
 * time: 5.382999897003174
   310     5.574660e+03     3.215186e+00
 * time: 5.382999897003174
   311     5.574660e+03     3.044504e+00
 * time: 5.398000001907349
   312     5.574660e+03     3.159745e+00
 * time: 5.430000066757202
   313     5.572800e+03     3.130358e+00
 * time: 5.444999933242798
   314     5.572800e+03     3.233977e+00
 * time: 5.476000070571899
   315     5.571757e+03     3.421754e+00
 * time: 5.523000001907349
   316     5.570544e+03     3.191094e+00
 * time: 5.539000034332275
   317     5.570544e+03     3.240677e+00
 * time: 5.555000066757202
   318     5.570544e+03     3.059217e+00
 * time: 5.569999933242798
   319     5.570544e+03     2.799184e+00
 * time: 5.585999965667725
   320     5.570544e+03     2.903043e+00
 * time: 5.632999897003174
   321     5.568328e+03     2.840913e+00
 * time: 5.648000001907349
   322     5.568328e+03     2.952682e+00
 * time: 5.680000066757202
   323     5.567677e+03     2.771043e+00
 * time: 5.710999965667725
   324     5.567677e+03     2.925413e+00
 * time: 5.741999864578247
   325     5.566291e+03     2.807426e+00
 * time: 5.789000034332275
   326     5.566291e+03     2.778877e+00
 * time: 5.805000066757202
   327     5.566291e+03     2.833357e+00
 * time: 5.819999933242798
   328     5.566291e+03     2.787230e+00
 * time: 5.835999965667725
   329     5.566291e+03     2.833071e+00
 * time: 5.851000070571899
   330     5.565680e+03     2.887585e+00
 * time: 5.882999897003174
   331     5.565029e+03     2.775222e+00
 * time: 5.898000001907349
   332     5.565029e+03     2.605489e+00
 * time: 5.914000034332275
   333     5.565029e+03     2.386454e+00
 * time: 5.914000034332275
   334     5.565029e+03     2.329744e+00
 * time: 5.960999965667725
   335     5.564626e+03     2.370767e+00
 * time: 5.991999864578247
   336     5.562956e+03     2.509595e+00
 * time: 6.023000001907349
   337     5.562013e+03     2.284262e+00
 * time: 6.055000066757202
   338     5.562013e+03     2.294282e+00
 * time: 6.069999933242798
   339     5.562013e+03     2.225686e+00
 * time: 6.085999965667725
   340     5.562013e+03     2.152939e+00
 * time: 6.101000070571899
   341     5.562013e+03     2.261942e+00
 * time: 6.132999897003174
   342     5.561233e+03     2.293580e+00
 * time: 6.148000001907349
   343     5.561233e+03     2.360245e+00
 * time: 6.180000066757202
   344     5.560886e+03     2.320246e+00
 * time: 6.210999965667725
   345     5.560886e+03     2.193685e+00
 * time: 6.226000070571899
   346     5.560886e+03     2.053392e+00
 * time: 6.241999864578247
   347     5.560886e+03     1.902677e+00
 * time: 6.241999864578247
   348     5.560886e+03     1.925522e+00
 * time: 6.273000001907349
   349     5.559699e+03     1.786096e+00
 * time: 6.289000034332275
   350     5.559699e+03     1.704152e+00
 * time: 6.305000066757202
   351     5.559699e+03     1.680036e+00
 * time: 6.319999933242798
   352     5.559076e+03     1.644476e+00
 * time: 6.335999965667725
   353     5.559076e+03     1.789420e+00
 * time: 6.351000070571899
   354     5.557489e+03     1.758874e+00
 * time: 6.366999864578247
   355     5.557489e+03     1.650370e+00
 * time: 6.382999897003174
   356     5.557489e+03     1.498391e+00
 * time: 6.414000034332275
   357     5.557489e+03     1.563536e+00
 * time: 6.414000034332275
   358     5.557489e+03     1.625992e+00
 * time: 6.428999900817871
   359     5.557489e+03     1.794243e+00
 * time: 6.476000070571899
   360     5.556626e+03     1.712236e+00
 * time: 6.491999864578247
   361     5.556626e+03     1.630803e+00
 * time: 6.507999897003174
   362     5.556626e+03     1.654644e+00
 * time: 6.507999897003174
   363     5.556626e+03     1.548821e+00
 * time: 6.523000001907349
   364     5.556626e+03     1.480075e+00
 * time: 6.539000034332275
   365     5.556626e+03     1.384556e+00
 * time: 6.553999900817871
   366     5.556626e+03     1.327657e+00
 * time: 6.569999933242798
   367     5.556626e+03     1.252225e+00
 * time: 6.585999965667725
   368     5.556626e+03     1.163498e+00
 * time: 6.601000070571899
   369     5.556626e+03     1.141930e+00
 * time: 6.616999864578247
   370     5.556626e+03     1.059981e+00
 * time: 6.632999897003174
   371     5.556626e+03     9.831087e-01
 * time: 6.648000001907349
   372     5.556626e+03     1.035719e+00
 * time: 6.680000066757202
   373     5.556360e+03     1.094449e+00
 * time: 6.710999965667725
   374     5.555978e+03     1.175918e+00
 * time: 6.726999998092651
   375     5.555371e+03     1.117606e+00
 * time: 6.757999897003174
   376     5.555371e+03     1.085213e+00
 * time: 6.773999929428101
   377     5.555371e+03     1.029457e+00
 * time: 6.789000034332275
   378     5.555371e+03     1.190651e+00
 * time: 6.819999933242798
   379     5.554561e+03     1.156916e+00
 * time: 6.819999933242798
   380     5.554561e+03     1.099944e+00
 * time: 6.835999965667725
   381     5.554561e+03     1.165500e+00
 * time: 6.851999998092651
   382     5.554561e+03     1.136729e+00
 * time: 6.866999864578247
   383     5.554561e+03     1.096186e+00
 * time: 6.898999929428101
   384     5.554561e+03     1.076091e+00
 * time: 6.914000034332275
   385     5.554561e+03     1.068824e+00
 * time: 6.930000066757202
   386     5.554561e+03     1.232742e+00
 * time: 6.960999965667725
   387     5.553599e+03     1.279105e+00
 * time: 6.976999998092651
   388     5.553599e+03     1.345674e+00
 * time: 7.007999897003174
   389     5.553599e+03     1.273083e+00
 * time: 7.023999929428101
   390     5.553599e+03     1.204854e+00
 * time: 7.039000034332275
   391     5.553599e+03     1.277570e+00
 * time: 7.069999933242798
   392     5.553039e+03     1.271390e+00
 * time: 7.085999965667725
   393     5.553039e+03     1.186369e+00
 * time: 7.101999998092651
   394     5.553039e+03     1.110300e+00
 * time: 7.116999864578247
   395     5.553039e+03     1.217687e+00
 * time: 7.164000034332275
   396     5.552048e+03     1.136622e+00
 * time: 7.180000066757202
   397     5.552048e+03     1.144652e+00
 * time: 7.194999933242798
   398     5.552048e+03     1.162687e+00
 * time: 7.210999965667725
   399     5.552048e+03     1.152461e+00
 * time: 7.226999998092651
   400     5.552048e+03     1.093662e+00
